112192[120, 456]
643691[89, 207, 237, 252, 277]
104041[178, 186, 485, 551]
892518[400, 575]
892519[577]
104047[132, 276, 486, 601, 623]
98923[18, 37, 47, 63, 130, 162, 167, 181, 189, 221, 232, 410, 436, 557]
103019[96, 108, 160, 185]
639531[435, 463]
104033[5, 6, 7, 27, 38, 40, 51, 56, 59, 73, 74, 80, 88, 91, 98, 105, 107, 112, 126, 138, 139, 146, 177, 179, 187, 198, 210, 229, 254, 267, 345, 350, 361, 377, 391, 395, 412, 415, 447, 449, 453, 457, 461, 466, 469, 483, 517, 518, 520, 521, 524, 525, 526, 527, 542, 547, 565, 585, 605]
112196[33, 44, 50, 62, 71, 77, 83, 150, 164, 170, 174, 201, 204, 211, 216, 247, 266, 285, 337, 341, 354, 379, 393, 425, 434, 496, 503, 529, 537, 597]
892527[34, 39, 48, 58, 64, 65, 84, 85, 86, 101, 111, 113, 123, 140, 159, 165, 169, 171, 175, 176, 182, 190, 192, 193, 196, 197, 200, 202, 203, 217, 238, 240, 246, 248, 249, 251, 255, 257, 258, 262, 263, 269, 270, 272, 273, 278, 279, 280, 281, 283, 286, 289, 290, 292, 294, 295, 297, 306, 307, 308, 309, 311, 312, 314, 316, 317, 318, 319, 320, 321, 322, 323, 325, 326, 327, 328, 329, 330, 331, 332, 342, 360, 374, 397, 398, 402, 403, 411, 419, 420, 423, 424, 428, 467, 471, 492, 500, 501, 502, 505, 506, 535, 539, 540, 550, 555, 558, 561, 563, 564, 567, 568, 569, 571, 573, 582, 583, 584, 590, 593, 598, 599, 604, 611, 613, 614, 617, 630, 632, 634, 635, 639, 643, 645, 646, 648, 649, 650, 653, 654, 656, 658, 660, 663, 664, 665, 666, 669]
115307[145]
98859[344, 455, 470, 516, 541]
639595[4, 136]
98345[67]
115243[36, 166, 432, 548, 606]
859951[194, 195, 287, 288, 291, 299, 300, 302, 303, 636, 637, 655, 667, 668]
98913[152]
628331[17, 68, 72, 87, 188, 208, 233, 282, 338, 600]
890479[97, 102]
104000[2, 12, 13, 21, 29, 32, 49, 70, 133, 137, 154, 335, 336, 346, 348, 349, 364, 369, 371, 373, 392, 396, 418, 429, 446, 454, 459, 480, 511, 523, 528, 543, 544, 545]
104043[42, 144, 390, 409, 413, 414, 514, 602]
104004[10, 11, 45, 75, 79, 81, 117, 141, 155, 209, 214, 227, 239, 241, 250, 271, 293, 298, 301, 305, 351, 352, 353, 358, 359, 386, 388, 389, 401, 404, 405, 426, 427, 443, 460, 487, 489, 498, 499, 504, 508, 534, 556, 560, 570, 572, 574, 576, 580, 594, 595, 596, 603, 607, 615, 616, 644, 657, 661]
99425[19, 23, 43, 54, 55, 61, 184, 437, 440, 445, 473, 474, 484]
890471[116]
630383[78, 82, 118, 128, 147, 260, 268, 378, 381, 385, 399, 587, 591, 592, 625, 626, 627, 628]
229417[478]
98409[129, 450, 477, 513]
366180[296, 313]
628327[122, 220, 376, 608]
646767[66, 274, 382, 383, 384, 609, 651]
104032[3, 15, 20, 24, 25, 30, 31, 35, 52, 69, 124, 125, 142, 259, 333, 334, 339, 343, 362, 363, 366, 416, 431, 451, 479, 481, 512, 546, 552, 581]
99937[0, 1, 9, 14, 16, 28, 60, 104, 114, 121, 135, 153, 365, 367, 372, 406, 417, 438, 441, 442, 444, 448, 462, 472, 475, 476, 482, 559]
104036[53, 127, 131, 148, 149, 156, 161, 191, 212, 215, 226, 236, 242, 243, 244, 245, 256, 304, 310, 315, 355, 356, 357, 380, 387, 394, 421, 422, 452, 468, 488, 490, 491, 497, 509, 530, 531, 532, 533, 538, 588, 612, 629, 631, 641, 642, 659]
104037[158, 222, 407, 495, 515, 579, 619]
890470[284, 324, 536, 586]
98401[106, 115, 464]
98921[22, 26, 90, 92, 93, 94, 109, 151, 163, 340, 439, 522, 566]
627307[8, 134, 143, 205, 225, 228, 519, 589, 620]
627311[183, 433]
229473[370]
628335[46, 99, 157, 168, 231, 261, 264, 408, 458, 493, 553, 562, 622, 652]
890468[638, 662]
643631[618]
623211[119, 173]
99945[100, 219, 347, 368, 375, 430, 494, 510, 549, 554]
646703[578]
908911[41, 57, 76, 95, 103, 110, 172, 199, 206, 213, 218, 223, 224, 230, 234, 235, 253, 265, 275, 507, 610, 621, 624, 633, 640, 647]
643695[180, 465]
